0.0 250 40.0
0.0 500 38.40922699527333
0.0 750 36.18387419900408
0.0 1000 35.20542542637942
0.5 250 45.0
0.5 500 42.27016410145954
0.5 750 39.319431482482756
0.5 1000 38.13820177836252
1.0 250 50.0
1.0 500 46.50951426534085
1.0 750 42.278363260641214
1.0 1000 40.734337063098614
1.5 250 55.0
1.5 500 50.35807460727023
1.5 750 45.433235015534834
1.5 1000 44.10144612738814
2.0 250 58.0
2.0 500 53.99669722665348
2.0 750 48.55339531954453
2.0 1000 46.7657559063605
2.5 250 65.0
2.5 500 58.532883428725306
2.5 750 51.60870789231278
2.5 1000 50.038322269524365
3.0 250 70.0
3.0 500 62.038022065449695
3.0 750 54.96244048869025
3.0 1000 51.74560136562049
3.5 250 72.0
3.5 500 65.7360136888448
3.5 750 58.091854858800524
3.5 1000 55.09221235887599
4.0 250 75.0
4.0 500 68.57072269012768
4.0 750 61.27228480357023
4.0 1000 57.98246892973405