0.0 250 68.26305554498443
0.0 500 40.697979452951806
0.0 750 40.66946302571646
0.0 1000 44.77416595745956
0.5 250 119.00898714747852
0.5 500 60.668087229027115
0.5 750 58.78571571230548
0.5 1000 53.934264726795405
1.0 250 321.4771377946801
1.0 500 81.0754736215399
1.0 750 73.45635024262447
1.0 1000 71.13467963934244
1.5 250 361.3591313570174
1.5 500 95.29212515606363
1.5 750 82.17047458971074
1.5 1000 82.36411971415976
2.0 250 1406.000439668635
2.0 500 105.17874412588365
2.0 750 93.75298557801415
2.0 1000 91.92852350062753
2.5 250 1507.4958589063963
2.5 500 125.00173287220419
2.5 750 102.71733949988999
2.5 1000 99.28835536563089
3.0 250 487.4677964491782
3.0 500 138.59517376298678
3.0 750 116.02686350504841
3.0 1000 111.49201563380157
3.5 250 561.5714922087901
3.5 500 146.75263639024078
3.5 750 127.02634493368016
3.5 1000 121.07199980675796
4.0 250 1329.8469857726072
4.0 500 151.70376630126992
4.0 750 134.45937793971257
4.0 1000 128.66500531415852