0.0 250 45.07968754877661
0.0 500 37.063669752211275
0.0 750 35.47498659933482
0.0 1000 34.746853241773856
0.5 250 55.16554983876228
0.5 500 41.11669647995216
0.5 750 38.77819296288431
0.5 1000 37.81532787065729
1.0 250 59.47355821814149
1.0 500 44.87096207813714
1.0 750 42.163372498712825
1.0 1000 41.36386797064258
1.5 250 63.35940582648896
1.5 500 48.34841888098349
1.5 750 46.31345963585476
1.5 1000 45.523802018815765
2.0 250 65.45937621704512
2.0 500 53.08662235561792
2.0 750 49.27273623278074
2.0 1000 48.4309632053887
2.5 250 67.82509496092062
2.5 500 55.96817926531194
2.5 750 53.63853366653077
2.5 1000 50.993306803663124
3.0 250 71.31161143704124
3.0 500 59.73159989437901
3.0 750 56.33583431084492
3.0 1000 54.21287092833593
3.5 250 73.8606037674468
3.5 500 62.572030486361434
3.5 750 60.1869636596161
3.5 1000 57.82306863982424
4.0 250 76.85970454588646
4.0 500 66.3172972052399
4.0 750 63.20152886604339
4.0 1000 61.45727335207507