0.0 250 48.2744789077522
0.0 500 44.12623772549303
0.0 750 42.97039717140246
0.0 1000 42.31674953906572
0.5 250 58.15384095166889
0.5 500 53.22699864260918
0.5 750 52.94590982187645
0.5 1000 51.47884324540255
1.0 250 67.7759463851983
1.0 500 65.41966584271627
1.0 750 60.82111029265875
1.0 1000 60.04290497428671
1.5 250 76.49876593267855
1.5 500 72.03427630861282
1.5 750 69.65707769043067
1.5 1000 71.95736079149295
2.0 250 83.71662346863121
2.0 500 80.4947162019619
2.0 750 78.50328077148275
2.0 1000 75.86608330407276
2.5 250 92.9755167872017
2.5 500 87.05277274382921
2.5 750 85.14918296482676
2.5 1000 85.28146698437399
3.0 250 102.61295829593188
3.0 500 94.96663907746876
3.0 750 92.407406392426
3.0 1000 93.38955853772262
3.5 250 110.68356965035203
3.5 500 104.3840378884099
3.5 750 98.36691748466832
3.5 1000 95.42125254957992
4.0 250 111.78872139355136
4.0 500 108.27034659300615
4.0 750 106.91921511193428
4.0 1000 104.09740048825016